22
24
28
216
232
264
2128
2256
2512
21024
22048
24096
28192
216384
232768
265536
2131072
2262144
2524288
21048576
22097152
24194304
28388608
216777216
233554432
267108864
2134217728
2268435456
2536870912
21073741824
22147483648
24294967296
28589934592
217179869184
234359738368
268719476736
2137438953472
2274877906944
2549755813888
21099511627776
22199023255552
24398046511104
28796093022208
217592186044416
235184372088832
270368744177664
2140737488355328
2281474976710656
2562949953421312
570364694449